# Column 1: Time
# Columns 2-6: B0-B4 | 7-13: T0-T6 | 14-18: B0n-B4n | 19-25: T0n-T6n
0.000000e+00 1.800 1.800 1.800 1.800 1.800 1.800 1.800 1.800 0.000 0.000 0.000 0.000 0.000 0.000 0.000 0.000 0.000 0.000 0.000 0.000 1.800 1.800 1.800 1.800
2.367424e-10 1.800 1.800 0.000 1.800 0.000 1.800 1.800 1.800 1.800 0.000 0.000 0.000 0.000 0.000 1.800 0.000 1.800 0.000 0.000 0.000 0.000 1.800 1.800 1.800
4.734848e-10 0.000 0.000 0.000 1.800 1.800 1.800 1.800 1.800 1.800 0.000 0.000 0.000 1.800 1.800 1.800 0.000 0.000 0.000 0.000 0.000 0.000 1.800 1.800 1.800
7.102273e-10 0.000 0.000 1.800 0.000 0.000 1.800 1.800 1.800 1.800 1.800 0.000 0.000 1.800 1.800 0.000 1.800 1.800 0.000 0.000 0.000 0.000 0.000 1.800 1.800
9.469697e-10 0.000 0.000 0.000 0.000 1.800 1.800 1.800 1.800 1.800 1.800 0.000 0.000 1.800 1.800 1.800 1.800 0.000 0.000 0.000 0.000 0.000 0.000 1.800 1.800
1.183712e-09 1.800 1.800 0.000 1.800 1.800 1.800 1.800 1.800 1.800 1.800 0.000 0.000 0.000 0.000 1.800 0.000 0.000 0.000 0.000 0.000 0.000 0.000 1.800 1.800
1.420455e-09 0.000 1.800 1.800 0.000 0.000 1.800 1.800 1.800 1.800 1.800 1.800 0.000 1.800 0.000 0.000 1.800 1.800 0.000 0.000 0.000 0.000 0.000 0.000 1.800
1.657197e-09 0.000 0.000 0.000 0.000 1.800 1.800 1.800 1.800 1.800 1.800 1.800 0.000 1.800 1.800 1.800 1.800 0.000 0.000 0.000 0.000 0.000 0.000 0.000 1.800
1.893939e-09 1.800 0.000 0.000 1.800 1.800 1.800 1.800 1.800 1.800 1.800 1.800 0.000 0.000 1.800 1.800 0.000 0.000 0.000 0.000 0.000 0.000 0.000 0.000 1.800
2.130682e-09 0.000 1.800 0.000 0.000 0.000 1.800 1.800 1.800 1.800 1.800 1.800 1.800 1.800 0.000 1.800 1.800 1.800 0.000 0.000 0.000 0.000 0.000 0.000 0.000
2.367424e-09 1.800 0.000 0.000 1.800 0.000 1.800 1.800 1.800 1.800 1.800 1.800 1.800 0.000 1.800 1.800 0.000 1.800 0.000 0.000 0.000 0.000 0.000 0.000 0.000
2.604167e-09 1.800 1.800 1.800 1.800 0.000 1.800 1.800 1.800 1.800 1.800 1.800 1.800 0.000 0.000 0.000 0.000 1.800 0.000 0.000 0.000 0.000 0.000 0.000 0.000
2.840909e-09 1.800 0.000 1.800 0.000 1.800 1.800 1.800 1.800 1.800 1.800 1.800 1.800 0.000 1.800 0.000 1.800 0.000 0.000 0.000 0.000 0.000 0.000 0.000 0.000
3.077652e-09 1.800 0.000 0.000 1.800 1.800 1.800 1.800 1.800 1.800 1.800 1.800 1.800 0.000 1.800 1.800 0.000 0.000 0.000 0.000 0.000 0.000 0.000 0.000 0.000
3.314394e-09 0.000 0.000 1.800 1.800 1.800 1.800 1.800 1.800 1.800 1.800 1.800 1.800 1.800 1.800 0.000 0.000 0.000 0.000 0.000 0.000 0.000 0.000 0.000 0.000
3.551136e-09 0.000 1.800 1.800 1.800 1.800 1.800 1.800 1.800 1.800 1.800 1.800 1.800 1.800 0.000 0.000 0.000 0.000 0.000 0.000 0.000 0.000 0.000 0.000 0.000
3.787879e-09 1.800 1.800 1.800 1.800 1.800 1.800 1.800 1.800 1.800 1.800 1.800 1.800 0.000 0.000 0.000 0.000 0.000 0.000 0.000 0.000 0.000 0.000 0.000 0.000
4.024621e-09 0.000 1.800 1.800 1.800 1.800 1.800 1.800 1.800 1.800 1.800 1.800 1.800 1.800 0.000 0.000 0.000 0.000 0.000 0.000 0.000 0.000 0.000 0.000 0.000
4.261364e-09 0.000 0.000 1.800 1.800 1.800 1.800 1.800 1.800 1.800 1.800 1.800 1.800 1.800 1.800 0.000 0.000 0.000 0.000 0.000 0.000 0.000 0.000 0.000 0.000
4.498106e-09 1.800 0.000 0.000 1.800 1.800 1.800 1.800 1.800 1.800 1.800 1.800 1.800 0.000 1.800 1.800 0.000 0.000 0.000 0.000 0.000 0.000 0.000 0.000 0.000
4.734848e-09 1.800 0.000 1.800 0.000 1.800 1.800 1.800 1.800 1.800 1.800 1.800 1.800 0.000 1.800 0.000 1.800 0.000 0.000 0.000 0.000 0.000 0.000 0.000 0.000
4.971591e-09 1.800 1.800 1.800 1.800 0.000 1.800 1.800 1.800 1.800 1.800 1.800 1.800 0.000 0.000 0.000 0.000 1.800 0.000 0.000 0.000 0.000 0.000 0.000 0.000
5.208333e-09 1.800 0.000 0.000 1.800 0.000 1.800 1.800 1.800 1.800 1.800 1.800 1.800 0.000 1.800 1.800 0.000 1.800 0.000 0.000 0.000 0.000 0.000 0.000 0.000
5.445076e-09 0.000 1.800 0.000 0.000 0.000 1.800 1.800 1.800 1.800 1.800 1.800 1.800 1.800 0.000 1.800 1.800 1.800 0.000 0.000 0.000 0.000 0.000 0.000 0.000
5.681818e-09 1.800 0.000 0.000 1.800 1.800 1.800 1.800 1.800 1.800 1.800 1.800 0.000 0.000 1.800 1.800 0.000 0.000 0.000 0.000 0.000 0.000 0.000 0.000 1.800
5.918561e-09 0.000 0.000 0.000 0.000 1.800 1.800 1.800 1.800 1.800 1.800 1.800 0.000 1.800 1.800 1.800 1.800 0.000 0.000 0.000 0.000 0.000 0.000 0.000 1.800
6.155303e-09 0.000 1.800 1.800 0.000 0.000 1.800 1.800 1.800 1.800 1.800 1.800 0.000 1.800 0.000 0.000 1.800 1.800 0.000 0.000 0.000 0.000 0.000 0.000 1.800
6.392045e-09 1.800 1.800 0.000 1.800 1.800 1.800 1.800 1.800 1.800 1.800 0.000 0.000 0.000 0.000 1.800 0.000 0.000 0.000 0.000 0.000 0.000 0.000 1.800 1.800
6.628788e-09 0.000 0.000 0.000 0.000 1.800 1.800 1.800 1.800 1.800 1.800 0.000 0.000 1.800 1.800 1.800 1.800 0.000 0.000 0.000 0.000 0.000 0.000 1.800 1.800
6.865530e-09 0.000 0.000 1.800 0.000 0.000 1.800 1.800 1.800 1.800 1.800 0.000 0.000 1.800 1.800 0.000 1.800 1.800 0.000 0.000 0.000 0.000 0.000 1.800 1.800
7.102273e-09 0.000 0.000 0.000 1.800 1.800 1.800 1.800 1.800 1.800 0.000 0.000 0.000 1.800 1.800 1.800 0.000 0.000 0.000 0.000 0.000 0.000 1.800 1.800 1.800
7.339015e-09 1.800 1.800 0.000 1.800 0.000 1.800 1.800 1.800 1.800 0.000 0.000 0.000 0.000 0.000 1.800 0.000 1.800 0.000 0.000 0.000 0.000 1.800 1.800 1.800
7.575758e-09 1.800 1.800 1.800 1.800 1.800 1.800 1.800 1.800 0.000 0.000 0.000 0.000 0.000 0.000 0.000 0.000 0.000 0.000 0.000 0.000 1.800 1.800 1.800 1.800
7.812500e-09 1.800 1.800 0.000 0.000 1.800 1.800 1.800 1.800 0.000 0.000 0.000 0.000 0.000 0.000 1.800 1.800 0.000 0.000 0.000 0.000 1.800 1.800 1.800 1.800
8.049242e-09 0.000 1.800 1.800 0.000 0.000 1.800 1.800 1.800 0.000 0.000 0.000 0.000 1.800 0.000 0.000 1.800 1.800 0.000 0.000 0.000 1.800 1.800 1.800 1.800
8.285985e-09 0.000 1.800 0.000 1.800 1.800 1.800 1.800 0.000 0.000 0.000 0.000 0.000 1.800 0.000 1.800 0.000 0.000 0.000 0.000 1.800 1.800 1.800 1.800 1.800
8.522727e-09 0.000 1.800 1.800 1.800 0.000 1.800 1.800 0.000 0.000 0.000 0.000 0.000 1.800 0.000 0.000 0.000 1.800 0.000 0.000 1.800 1.800 1.800 1.800 1.800
8.759470e-09 1.800 1.800 0.000 0.000 0.000 1.800 1.800 0.000 0.000 0.000 0.000 0.000 0.000 0.000 1.800 1.800 1.800 0.000 0.000 1.800 1.800 1.800 1.800 1.800
8.996212e-09 0.000 0.000 0.000 1.800 1.800 1.800 0.000 0.000 0.000 0.000 0.000 0.000 1.800 1.800 1.800 0.000 0.000 0.000 1.800 1.800 1.800 1.800 1.800 1.800
9.232955e-09 0.000 1.800 1.800 1.800 0.000 1.800 0.000 0.000 0.000 0.000 0.000 0.000 1.800 0.000 0.000 0.000 1.800 0.000 1.800 1.800 1.800 1.800 1.800 1.800
9.469697e-09 1.800 0.000 1.800 0.000 0.000 1.800 0.000 0.000 0.000 0.000 0.000 0.000 0.000 1.800 0.000 1.800 1.800 0.000 1.800 1.800 1.800 1.800 1.800 1.800
9.706439e-09 0.000 0.000 1.800 1.800 1.800 0.000 0.000 0.000 0.000 0.000 0.000 0.000 1.800 1.800 0.000 0.000 0.000 1.800 1.800 1.800 1.800 1.800 1.800 1.800
9.943182e-09 1.800 0.000 1.800 0.000 1.800 0.000 0.000 0.000 0.000 0.000 0.000 0.000 0.000 1.800 0.000 1.800 0.000 1.800 1.800 1.800 1.800 1.800 1.800 1.800
1.017992e-08 1.800 1.800 1.800 1.800 0.000 0.000 0.000 0.000 0.000 0.000 0.000 0.000 0.000 0.000 0.000 0.000 1.800 1.800 1.800 1.800 1.800 1.800 1.800 1.800
1.041667e-08 1.800 0.000 0.000 1.800 0.000 0.000 0.000 0.000 0.000 0.000 0.000 0.000 0.000 1.800 1.800 0.000 1.800 1.800 1.800 1.800 1.800 1.800 1.800 1.800
1.065341e-08 1.800 0.000 1.800 0.000 0.000 0.000 0.000 0.000 0.000 0.000 0.000 0.000 0.000 1.800 0.000 1.800 1.800 1.800 1.800 1.800 1.800 1.800 1.800 1.800
1.089015e-08 0.000 1.800 0.000 0.000 0.000 0.000 0.000 0.000 0.000 0.000 0.000 0.000 1.800 0.000 1.800 1.800 1.800 1.800 1.800 1.800 1.800 1.800 1.800 1.800
1.112689e-08 0.000 0.000 0.000 0.000 0.000 0.000 0.000 0.000 0.000 0.000 0.000 0.000 1.800 1.800 1.800 1.800 1.800 1.800 1.800 1.800 1.800 1.800 1.800 1.800
1.136364e-08 0.000 0.000 0.000 0.000 0.000 0.000 0.000 0.000 0.000 0.000 0.000 0.000 1.800 1.800 1.800 1.800 1.800 1.800 1.800 1.800 1.800 1.800 1.800 1.800
1.160038e-08 0.000 0.000 0.000 0.000 0.000 0.000 0.000 0.000 0.000 0.000 0.000 0.000 1.800 1.800 1.800 1.800 1.800 1.800 1.800 1.800 1.800 1.800 1.800 1.800
1.183712e-08 0.000 1.800 0.000 0.000 0.000 0.000 0.000 0.000 0.000 0.000 0.000 0.000 1.800 0.000 1.800 1.800 1.800 1.800 1.800 1.800 1.800 1.800 1.800 1.800
1.207386e-08 1.800 0.000 1.800 0.000 0.000 0.000 0.000 0.000 0.000 0.000 0.000 0.000 0.000 1.800 0.000 1.800 1.800 1.800 1.800 1.800 1.800 1.800 1.800 1.800
1.231061e-08 1.800 0.000 0.000 1.800 0.000 0.000 0.000 0.000 0.000 0.000 0.000 0.000 0.000 1.800 1.800 0.000 1.800 1.800 1.800 1.800 1.800 1.800 1.800 1.800
1.254735e-08 1.800 1.800 1.800 1.800 0.000 0.000 0.000 0.000 0.000 0.000 0.000 0.000 0.000 0.000 0.000 0.000 1.800 1.800 1.800 1.800 1.800 1.800 1.800 1.800
1.278409e-08 1.800 0.000 1.800 0.000 1.800 0.000 0.000 0.000 0.000 0.000 0.000 0.000 0.000 1.800 0.000 1.800 0.000 1.800 1.800 1.800 1.800 1.800 1.800 1.800
1.302083e-08 0.000 0.000 1.800 1.800 1.800 0.000 0.000 0.000 0.000 0.000 0.000 0.000 1.800 1.800 0.000 0.000 0.000 1.800 1.800 1.800 1.800 1.800 1.800 1.800
1.325758e-08 1.800 0.000 1.800 0.000 0.000 1.800 0.000 0.000 0.000 0.000 0.000 0.000 0.000 1.800 0.000 1.800 1.800 0.000 1.800 1.800 1.800 1.800 1.800 1.800
1.349432e-08 0.000 1.800 1.800 1.800 0.000 1.800 0.000 0.000 0.000 0.000 0.000 0.000 1.800 0.000 0.000 0.000 1.800 0.000 1.800 1.800 1.800 1.800 1.800 1.800
1.373106e-08 0.000 0.000 0.000 1.800 1.800 1.800 0.000 0.000 0.000 0.000 0.000 0.000 1.800 1.800 1.800 0.000 0.000 0.000 1.800 1.800 1.800 1.800 1.800 1.800
1.396780e-08 1.800 1.800 0.000 0.000 0.000 1.800 1.800 0.000 0.000 0.000 0.000 0.000 0.000 0.000 1.800 1.800 1.800 0.000 0.000 1.800 1.800 1.800 1.800 1.800
1.420455e-08 0.000 1.800 1.800 1.800 0.000 1.800 1.800 0.000 0.000 0.000 0.000 0.000 1.800 0.000 0.000 0.000 1.800 0.000 0.000 1.800 1.800 1.800 1.800 1.800
1.444129e-08 0.000 1.800 0.000 1.800 1.800 1.800 1.800 0.000 0.000 0.000 0.000 0.000 1.800 0.000 1.800 0.000 0.000 0.000 0.000 1.800 1.800 1.800 1.800 1.800
1.467803e-08 0.000 1.800 1.800 0.000 0.000 1.800 1.800 1.800 0.000 0.000 0.000 0.000 1.800 0.000 0.000 1.800 1.800 0.000 0.000 0.000 1.800 1.800 1.800 1.800
1.491477e-08 1.800 1.800 0.000 0.000 1.800 1.800 1.800 1.800 0.000 0.000 0.000 0.000 0.000 0.000 1.800 1.800 0.000 0.000 0.000 0.000 1.800 1.800 1.800 1.800
1.515152e-08 1.800 1.800 1.800 1.800 1.800 1.800 1.800 1.800 0.000 0.000 0.000 0.000 0.000 0.000 0.000 0.000 0.000 0.000 0.000 0.000 1.800 1.800 1.800 1.800
1.538826e-08 1.800 1.800 0.000 1.800 0.000 1.800 1.800 1.800 1.800 0.000 0.000 0.000 0.000 0.000 1.800 0.000 1.800 0.000 0.000 0.000 0.000 1.800 1.800 1.800
1.562500e-08 0.000 0.000 0.000 1.800 1.800 1.800 1.800 1.800 1.800 0.000 0.000 0.000 1.800 1.800 1.800 0.000 0.000 0.000 0.000 0.000 0.000 1.800 1.800 1.800
1.586174e-08 0.000 0.000 1.800 0.000 0.000 1.800 1.800 1.800 1.800 1.800 0.000 0.000 1.800 1.800 0.000 1.800 1.800 0.000 0.000 0.000 0.000 0.000 1.800 1.800
1.609848e-08 0.000 0.000 0.000 0.000 1.800 1.800 1.800 1.800 1.800 1.800 0.000 0.000 1.800 1.800 1.800 1.800 0.000 0.000 0.000 0.000 0.000 0.000 1.800 1.800
1.633523e-08 1.800 1.800 0.000 1.800 1.800 1.800 1.800 1.800 1.800 1.800 0.000 0.000 0.000 0.000 1.800 0.000 0.000 0.000 0.000 0.000 0.000 0.000 1.800 1.800
1.657197e-08 0.000 1.800 1.800 0.000 0.000 1.800 1.800 1.800 1.800 1.800 1.800 0.000 1.800 0.000 0.000 1.800 1.800 0.000 0.000 0.000 0.000 0.000 0.000 1.800
1.680871e-08 0.000 0.000 0.000 0.000 1.800 1.800 1.800 1.800 1.800 1.800 1.800 0.000 1.800 1.800 1.800 1.800 0.000 0.000 0.000 0.000 0.000 0.000 0.000 1.800
1.704545e-08 1.800 0.000 0.000 1.800 1.800 1.800 1.800 1.800 1.800 1.800 1.800 0.000 0.000 1.800 1.800 0.000 0.000 0.000 0.000 0.000 0.000 0.000 0.000 1.800
1.728220e-08 0.000 1.800 0.000 0.000 0.000 1.800 1.800 1.800 1.800 1.800 1.800 1.800 1.800 0.000 1.800 1.800 1.800 0.000 0.000 0.000 0.000 0.000 0.000 0.000
1.751894e-08 1.800 0.000 0.000 1.800 0.000 1.800 1.800 1.800 1.800 1.800 1.800 1.800 0.000 1.800 1.800 0.000 1.800 0.000 0.000 0.000 0.000 0.000 0.000 0.000
1.775568e-08 1.800 1.800 1.800 1.800 0.000 1.800 1.800 1.800 1.800 1.800 1.800 1.800 0.000 0.000 0.000 0.000 1.800 0.000 0.000 0.000 0.000 0.000 0.000 0.000
1.799242e-08 1.800 0.000 1.800 0.000 1.800 1.800 1.800 1.800 1.800 1.800 1.800 1.800 0.000 1.800 0.000 1.800 0.000 0.000 0.000 0.000 0.000 0.000 0.000 0.000
1.822917e-08 1.800 0.000 0.000 1.800 1.800 1.800 1.800 1.800 1.800 1.800 1.800 1.800 0.000 1.800 1.800 0.000 0.000 0.000 0.000 0.000 0.000 0.000 0.000 0.000
1.846591e-08 0.000 0.000 1.800 1.800 1.800 1.800 1.800 1.800 1.800 1.800 1.800 1.800 1.800 1.800 0.000 0.000 0.000 0.000 0.000 0.000 0.000 0.000 0.000 0.000
1.870265e-08 0.000 1.800 1.800 1.800 1.800 1.800 1.800 1.800 1.800 1.800 1.800 1.800 1.800 0.000 0.000 0.000 0.000 0.000 0.000 0.000 0.000 0.000 0.000 0.000
1.893939e-08 1.800 1.800 1.800 1.800 1.800 1.800 1.800 1.800 1.800 1.800 1.800 1.800 0.000 0.000 0.000 0.000 0.000 0.000 0.000 0.000 0.000 0.000 0.000 0.000
1.917614e-08 0.000 1.800 1.800 1.800 1.800 1.800 1.800 1.800 1.800 1.800 1.800 1.800 1.800 0.000 0.000 0.000 0.000 0.000 0.000 0.000 0.000 0.000 0.000 0.000
1.941288e-08 0.000 0.000 1.800 1.800 1.800 1.800 1.800 1.800 1.800 1.800 1.800 1.800 1.800 1.800 0.000 0.000 0.000 0.000 0.000 0.000 0.000 0.000 0.000 0.000
1.964962e-08 1.800 0.000 0.000 1.800 1.800 1.800 1.800 1.800 1.800 1.800 1.800 1.800 0.000 1.800 1.800 0.000 0.000 0.000 0.000 0.000 0.000 0.000 0.000 0.000
1.988636e-08 1.800 0.000 1.800 0.000 1.800 1.800 1.800 1.800 1.800 1.800 1.800 1.800 0.000 1.800 0.000 1.800 0.000 0.000 0.000 0.000 0.000 0.000 0.000 0.000
2.012311e-08 1.800 1.800 1.800 1.800 0.000 1.800 1.800 1.800 1.800 1.800 1.800 1.800 0.000 0.000 0.000 0.000 1.800 0.000 0.000 0.000 0.000 0.000 0.000 0.000
2.035985e-08 1.800 0.000 0.000 1.800 0.000 1.800 1.800 1.800 1.800 1.800 1.800 1.800 0.000 1.800 1.800 0.000 1.800 0.000 0.000 0.000 0.000 0.000 0.000 0.000
2.059659e-08 0.000 1.800 0.000 0.000 0.000 1.800 1.800 1.800 1.800 1.800 1.800 1.800 1.800 0.000 1.800 1.800 1.800 0.000 0.000 0.000 0.000 0.000 0.000 0.000
2.083333e-08 1.800 0.000 0.000 1.800 1.800 1.800 1.800 1.800 1.800 1.800 1.800 0.000 0.000 1.800 1.800 0.000 0.000 0.000 0.000 0.000 0.000 0.000 0.000 1.800
2.107008e-08 0.000 0.000 0.000 0.000 1.800 1.800 1.800 1.800 1.800 1.800 1.800 0.000 1.800 1.800 1.800 1.800 0.000 0.000 0.000 0.000 0.000 0.000 0.000 1.800
2.130682e-08 0.000 1.800 1.800 0.000 0.000 1.800 1.800 1.800 1.800 1.800 1.800 0.000 1.800 0.000 0.000 1.800 1.800 0.000 0.000 0.000 0.000 0.000 0.000 1.800
2.154356e-08 1.800 1.800 0.000 1.800 1.800 1.800 1.800 1.800 1.800 1.800 0.000 0.000 0.000 0.000 1.800 0.000 0.000 0.000 0.000 0.000 0.000 0.000 1.800 1.800
2.178030e-08 0.000 0.000 0.000 0.000 1.800 1.800 1.800 1.800 1.800 1.800 0.000 0.000 1.800 1.800 1.800 1.800 0.000 0.000 0.000 0.000 0.000 0.000 1.800 1.800
2.201705e-08 0.000 0.000 1.800 0.000 0.000 1.800 1.800 1.800 1.800 1.800 0.000 0.000 1.800 1.800 0.000 1.800 1.800 0.000 0.000 0.000 0.000 0.000 1.800 1.800
2.225379e-08 0.000 0.000 0.000 1.800 1.800 1.800 1.800 1.800 1.800 0.000 0.000 0.000 1.800 1.800 1.800 0.000 0.000 0.000 0.000 0.000 0.000 1.800 1.800 1.800
2.249053e-08 1.800 1.800 0.000 1.800 0.000 1.800 1.800 1.800 1.800 0.000 0.000 0.000 0.000 0.000 1.800 0.000 1.800 0.000 0.000 0.000 0.000 1.800 1.800 1.800
2.272727e-08 1.800 1.800 1.800 1.800 1.800 1.800 1.800 1.800 0.000 0.000 0.000 0.000 0.000 0.000 0.000 0.000 0.000 0.000 0.000 0.000 1.800 1.800 1.800 1.800
2.296402e-08 1.800 1.800 0.000 0.000 1.800 1.800 1.800 1.800 0.000 0.000 0.000 0.000 0.000 0.000 1.800 1.800 0.000 0.000 0.000 0.000 1.800 1.800 1.800 1.800
2.320076e-08 0.000 1.800 1.800 0.000 0.000 1.800 1.800 1.800 0.000 0.000 0.000 0.000 1.800 0.000 0.000 1.800 1.800 0.000 0.000 0.000 1.800 1.800 1.800 1.800
2.343750e-08 0.000 1.800 0.000 1.800 1.800 1.800 1.800 0.000 0.000 0.000 0.000 0.000 1.800 0.000 1.800 0.000 0.000 0.000 0.000 1.800 1.800 1.800 1.800 1.800
2.367424e-08 0.000 1.800 1.800 1.800 0.000 1.800 1.800 0.000 0.000 0.000 0.000 0.000 1.800 0.000 0.000 0.000 1.800 0.000 0.000 1.800 1.800 1.800 1.800 1.800
2.391098e-08 1.800 1.800 0.000 0.000 0.000 1.800 1.800 0.000 0.000 0.000 0.000 0.000 0.000 0.000 1.800 1.800 1.800 0.000 0.000 1.800 1.800 1.800 1.800 1.800
2.414773e-08 0.000 0.000 0.000 1.800 1.800 1.800 0.000 0.000 0.000 0.000 0.000 0.000 1.800 1.800 1.800 0.000 0.000 0.000 1.800 1.800 1.800 1.800 1.800 1.800
2.438447e-08 0.000 1.800 1.800 1.800 0.000 1.800 0.000 0.000 0.000 0.000 0.000 0.000 1.800 0.000 0.000 0.000 1.800 0.000 1.800 1.800 1.800 1.800 1.800 1.800
2.462121e-08 1.800 0.000 1.800 0.000 0.000 1.800 0.000 0.000 0.000 0.000 0.000 0.000 0.000 1.800 0.000 1.800 1.800 0.000 1.800 1.800 1.800 1.800 1.800 1.800
2.485795e-08 0.000 0.000 1.800 1.800 1.800 0.000 0.000 0.000 0.000 0.000 0.000 0.000 1.800 1.800 0.000 0.000 0.000 1.800 1.800 1.800 1.800 1.800 1.800 1.800
2.509470e-08 1.800 0.000 1.800 0.000 1.800 0.000 0.000 0.000 0.000 0.000 0.000 0.000 0.000 1.800 0.000 1.800 0.000 1.800 1.800 1.800 1.800 1.800 1.800 1.800
2.533144e-08 1.800 1.800 1.800 1.800 0.000 0.000 0.000 0.000 0.000 0.000 0.000 0.000 0.000 0.000 0.000 0.000 1.800 1.800 1.800 1.800 1.800 1.800 1.800 1.800
2.556818e-08 1.800 0.000 0.000 1.800 0.000 0.000 0.000 0.000 0.000 0.000 0.000 0.000 0.000 1.800 1.800 0.000 1.800 1.800 1.800 1.800 1.800 1.800 1.800 1.800
2.580492e-08 1.800 0.000 1.800 0.000 0.000 0.000 0.000 0.000 0.000 0.000 0.000 0.000 0.000 1.800 0.000 1.800 1.800 1.800 1.800 1.800 1.800 1.800 1.800 1.800
2.604167e-08 0.000 1.800 0.000 0.000 0.000 0.000 0.000 0.000 0.000 0.000 0.000 0.000 1.800 0.000 1.800 1.800 1.800 1.800 1.800 1.800 1.800 1.800 1.800 1.800
2.627841e-08 0.000 0.000 0.000 0.000 0.000 0.000 0.000 0.000 0.000 0.000 0.000 0.000 1.800 1.800 1.800 1.800 1.800 1.800 1.800 1.800 1.800 1.800 1.800 1.800
2.651515e-08 0.000 0.000 0.000 0.000 0.000 0.000 0.000 0.000 0.000 0.000 0.000 0.000 1.800 1.800 1.800 1.800 1.800 1.800 1.800 1.800 1.800 1.800 1.800 1.800
2.675189e-08 0.000 0.000 0.000 0.000 0.000 0.000 0.000 0.000 0.000 0.000 0.000 0.000 1.800 1.800 1.800 1.800 1.800 1.800 1.800 1.800 1.800 1.800 1.800 1.800
2.698864e-08 0.000 1.800 0.000 0.000 0.000 0.000 0.000 0.000 0.000 0.000 0.000 0.000 1.800 0.000 1.800 1.800 1.800 1.800 1.800 1.800 1.800 1.800 1.800 1.800
2.722538e-08 1.800 0.000 1.800 0.000 0.000 0.000 0.000 0.000 0.000 0.000 0.000 0.000 0.000 1.800 0.000 1.800 1.800 1.800 1.800 1.800 1.800 1.800 1.800 1.800
2.746212e-08 1.800 0.000 0.000 1.800 0.000 0.000 0.000 0.000 0.000 0.000 0.000 0.000 0.000 1.800 1.800 0.000 1.800 1.800 1.800 1.800 1.800 1.800 1.800 1.800
2.769886e-08 1.800 1.800 1.800 1.800 0.000 0.000 0.000 0.000 0.000 0.000 0.000 0.000 0.000 0.000 0.000 0.000 1.800 1.800 1.800 1.800 1.800 1.800 1.800 1.800
2.793561e-08 1.800 0.000 1.800 0.000 1.800 0.000 0.000 0.000 0.000 0.000 0.000 0.000 0.000 1.800 0.000 1.800 0.000 1.800 1.800 1.800 1.800 1.800 1.800 1.800
2.817235e-08 0.000 0.000 1.800 1.800 1.800 0.000 0.000 0.000 0.000 0.000 0.000 0.000 1.800 1.800 0.000 0.000 0.000 1.800 1.800 1.800 1.800 1.800 1.800 1.800
2.840909e-08 1.800 0.000 1.800 0.000 0.000 1.800 0.000 0.000 0.000 0.000 0.000 0.000 0.000 1.800 0.000 1.800 1.800 0.000 1.800 1.800 1.800 1.800 1.800 1.800
2.864583e-08 0.000 1.800 1.800 1.800 0.000 1.800 0.000 0.000 0.000 0.000 0.000 0.000 1.800 0.000 0.000 0.000 1.800 0.000 1.800 1.800 1.800 1.800 1.800 1.800
2.888258e-08 0.000 0.000 0.000 1.800 1.800 1.800 0.000 0.000 0.000 0.000 0.000 0.000 1.800 1.800 1.800 0.000 0.000 0.000 1.800 1.800 1.800 1.800 1.800 1.800
2.911932e-08 1.800 1.800 0.000 0.000 0.000 1.800 1.800 0.000 0.000 0.000 0.000 0.000 0.000 0.000 1.800 1.800 1.800 0.000 0.000 1.800 1.800 1.800 1.800 1.800
2.935606e-08 0.000 1.800 1.800 1.800 0.000 1.800 1.800 0.000 0.000 0.000 0.000 0.000 1.800 0.000 0.000 0.000 1.800 0.000 0.000 1.800 1.800 1.800 1.800 1.800
2.959280e-08 0.000 1.800 0.000 1.800 1.800 1.800 1.800 0.000 0.000 0.000 0.000 0.000 1.800 0.000 1.800 0.000 0.000 0.000 0.000 1.800 1.800 1.800 1.800 1.800
2.982955e-08 0.000 1.800 1.800 0.000 0.000 1.800 1.800 1.800 0.000 0.000 0.000 0.000 1.800 0.000 0.000 1.800 1.800 0.000 0.000 0.000 1.800 1.800 1.800 1.800
3.006629e-08 1.800 1.800 0.000 0.000 1.800 1.800 1.800 1.800 0.000 0.000 0.000 0.000 0.000 0.000 1.800 1.800 0.000 0.000 0.000 0.000 1.800 1.800 1.800 1.800
3.030303e-08 1.800 1.800 1.800 1.800 1.800 1.800 1.800 1.800 0.000 0.000 0.000 0.000 0.000 0.000 0.000 0.000 0.000 0.000 0.000 0.000 1.800 1.800 1.800 1.800
3.053977e-08 1.800 1.800 0.000 1.800 0.000 1.800 1.800 1.800 1.800 0.000 0.000 0.000 0.000 0.000 1.800 0.000 1.800 0.000 0.000 0.000 0.000 1.800 1.800 1.800
3.077652e-08 0.000 0.000 0.000 1.800 1.800 1.800 1.800 1.800 1.800 0.000 0.000 0.000 1.800 1.800 1.800 0.000 0.000 0.000 0.000 0.000 0.000 1.800 1.800 1.800
3.101326e-08 0.000 0.000 1.800 0.000 0.000 1.800 1.800 1.800 1.800 1.800 0.000 0.000 1.800 1.800 0.000 1.800 1.800 0.000 0.000 0.000 0.000 0.000 1.800 1.800
3.125000e-08 0.000 0.000 0.000 0.000 1.800 1.800 1.800 1.800 1.800 1.800 0.000 0.000 1.800 1.800 1.800 1.800 0.000 0.000 0.000 0.000 0.000 0.000 1.800 1.800
3.148674e-08 1.800 1.800 0.000 1.800 1.800 1.800 1.800 1.800 1.800 1.800 0.000 0.000 0.000 0.000 1.800 0.000 0.000 0.000 0.000 0.000 0.000 0.000 1.800 1.800
3.172348e-08 0.000 1.800 1.800 0.000 0.000 1.800 1.800 1.800 1.800 1.800 1.800 0.000 1.800 0.000 0.000 1.800 1.800 0.000 0.000 0.000 0.000 0.000 0.000 1.800
