# Column 1: Time
# Columns 2-25: B0-B4, T0-T6, B0n-B4n, T0n-T6n
0.000000e+00 1.800 1.800 1.800 1.800 1.800 1.800 1.800 1.800 0.000 0.000 0.000 0.000 0.000 0.000 0.000 0.000 0.000 0.000 0.000 0.000 1.800 1.800 1.800 1.800
2.362424e-08 1.800 1.800 1.800 1.800 1.800 1.800 1.800 1.800 0.000 0.000 0.000 0.000 0.000 0.000 0.000 0.000 0.000 0.000 0.000 0.000 1.800 1.800 1.800 1.800
2.367424e-08 1.800 1.800 0.000 1.800 0.000 1.800 1.800 1.800 1.800 0.000 0.000 0.000 0.000 0.000 1.800 0.000 1.800 0.000 0.000 0.000 0.000 1.800 1.800 1.800
4.729848e-08 1.800 1.800 0.000 1.800 0.000 1.800 1.800 1.800 1.800 0.000 0.000 0.000 0.000 0.000 1.800 0.000 1.800 0.000 0.000 0.000 0.000 1.800 1.800 1.800
4.734848e-08 0.000 0.000 0.000 1.800 1.800 1.800 1.800 1.800 1.800 0.000 0.000 0.000 1.800 1.800 1.800 0.000 0.000 0.000 0.000 0.000 0.000 1.800 1.800 1.800
7.097273e-08 0.000 0.000 0.000 1.800 1.800 1.800 1.800 1.800 1.800 0.000 0.000 0.000 1.800 1.800 1.800 0.000 0.000 0.000 0.000 0.000 0.000 1.800 1.800 1.800
7.102273e-08 0.000 0.000 1.800 0.000 0.000 1.800 1.800 1.800 1.800 1.800 0.000 0.000 1.800 1.800 0.000 1.800 1.800 0.000 0.000 0.000 0.000 0.000 1.800 1.800
9.464697e-08 0.000 0.000 1.800 0.000 0.000 1.800 1.800 1.800 1.800 1.800 0.000 0.000 1.800 1.800 0.000 1.800 1.800 0.000 0.000 0.000 0.000 0.000 1.800 1.800
9.469697e-08 0.000 0.000 0.000 0.000 1.800 1.800 1.800 1.800 1.800 1.800 0.000 0.000 1.800 1.800 1.800 1.800 0.000 0.000 0.000 0.000 0.000 0.000 1.800 1.800
1.183212e-07 0.000 0.000 0.000 0.000 1.800 1.800 1.800 1.800 1.800 1.800 0.000 0.000 1.800 1.800 1.800 1.800 0.000 0.000 0.000 0.000 0.000 0.000 1.800 1.800
1.183712e-07 1.800 1.800 0.000 1.800 1.800 1.800 1.800 1.800 1.800 1.800 0.000 0.000 0.000 0.000 1.800 0.000 0.000 0.000 0.000 0.000 0.000 0.000 1.800 1.800
1.419955e-07 1.800 1.800 0.000 1.800 1.800 1.800 1.800 1.800 1.800 1.800 0.000 0.000 0.000 0.000 1.800 0.000 0.000 0.000 0.000 0.000 0.000 0.000 1.800 1.800
1.420455e-07 0.000 1.800 1.800 0.000 0.000 1.800 1.800 1.800 1.800 1.800 1.800 0.000 1.800 0.000 0.000 1.800 1.800 0.000 0.000 0.000 0.000 0.000 0.000 1.800
1.656697e-07 0.000 1.800 1.800 0.000 0.000 1.800 1.800 1.800 1.800 1.800 1.800 0.000 1.800 0.000 0.000 1.800 1.800 0.000 0.000 0.000 0.000 0.000 0.000 1.800
1.657197e-07 0.000 0.000 0.000 0.000 1.800 1.800 1.800 1.800 1.800 1.800 1.800 0.000 1.800 1.800 1.800 1.800 0.000 0.000 0.000 0.000 0.000 0.000 0.000 1.800
1.893439e-07 0.000 0.000 0.000 0.000 1.800 1.800 1.800 1.800 1.800 1.800 1.800 0.000 1.800 1.800 1.800 1.800 0.000 0.000 0.000 0.000 0.000 0.000 0.000 1.800
1.893939e-07 1.800 0.000 0.000 1.800 1.800 1.800 1.800 1.800 1.800 1.800 1.800 0.000 0.000 1.800 1.800 0.000 0.000 0.000 0.000 0.000 0.000 0.000 0.000 1.800
2.130182e-07 1.800 0.000 0.000 1.800 1.800 1.800 1.800 1.800 1.800 1.800 1.800 0.000 0.000 1.800 1.800 0.000 0.000 0.000 0.000 0.000 0.000 0.000 0.000 1.800
2.130682e-07 0.000 1.800 0.000 0.000 0.000 1.800 1.800 1.800 1.800 1.800 1.800 1.800 1.800 0.000 1.800 1.800 1.800 0.000 0.000 0.000 0.000 0.000 0.000 0.000
2.366924e-07 0.000 1.800 0.000 0.000 0.000 1.800 1.800 1.800 1.800 1.800 1.800 1.800 1.800 0.000 1.800 1.800 1.800 0.000 0.000 0.000 0.000 0.000 0.000 0.000
2.367424e-07 1.800 0.000 0.000 1.800 0.000 1.800 1.800 1.800 1.800 1.800 1.800 1.800 0.000 1.800 1.800 0.000 1.800 0.000 0.000 0.000 0.000 0.000 0.000 0.000
2.603667e-07 1.800 0.000 0.000 1.800 0.000 1.800 1.800 1.800 1.800 1.800 1.800 1.800 0.000 1.800 1.800 0.000 1.800 0.000 0.000 0.000 0.000 0.000 0.000 0.000
2.604167e-07 1.800 1.800 1.800 1.800 0.000 1.800 1.800 1.800 1.800 1.800 1.800 1.800 0.000 0.000 0.000 0.000 1.800 0.000 0.000 0.000 0.000 0.000 0.000 0.000
2.840409e-07 1.800 1.800 1.800 1.800 0.000 1.800 1.800 1.800 1.800 1.800 1.800 1.800 0.000 0.000 0.000 0.000 1.800 0.000 0.000 0.000 0.000 0.000 0.000 0.000
2.840909e-07 1.800 0.000 1.800 0.000 1.800 1.800 1.800 1.800 1.800 1.800 1.800 1.800 0.000 1.800 0.000 1.800 0.000 0.000 0.000 0.000 0.000 0.000 0.000 0.000
3.077152e-07 1.800 0.000 1.800 0.000 1.800 1.800 1.800 1.800 1.800 1.800 1.800 1.800 0.000 1.800 0.000 1.800 0.000 0.000 0.000 0.000 0.000 0.000 0.000 0.000
3.077652e-07 1.800 0.000 0.000 1.800 1.800 1.800 1.800 1.800 1.800 1.800 1.800 1.800 0.000 1.800 1.800 0.000 0.000 0.000 0.000 0.000 0.000 0.000 0.000 0.000
3.313894e-07 1.800 0.000 0.000 1.800 1.800 1.800 1.800 1.800 1.800 1.800 1.800 1.800 0.000 1.800 1.800 0.000 0.000 0.000 0.000 0.000 0.000 0.000 0.000 0.000
3.314394e-07 0.000 0.000 1.800 1.800 1.800 1.800 1.800 1.800 1.800 1.800 1.800 1.800 1.800 1.800 0.000 0.000 0.000 0.000 0.000 0.000 0.000 0.000 0.000 0.000
3.550636e-07 0.000 0.000 1.800 1.800 1.800 1.800 1.800 1.800 1.800 1.800 1.800 1.800 1.800 1.800 0.000 0.000 0.000 0.000 0.000 0.000 0.000 0.000 0.000 0.000
3.551136e-07 0.000 1.800 1.800 1.800 1.800 1.800 1.800 1.800 1.800 1.800 1.800 1.800 1.800 0.000 0.000 0.000 0.000 0.000 0.000 0.000 0.000 0.000 0.000 0.000
3.787379e-07 0.000 1.800 1.800 1.800 1.800 1.800 1.800 1.800 1.800 1.800 1.800 1.800 1.800 0.000 0.000 0.000 0.000 0.000 0.000 0.000 0.000 0.000 0.000 0.000
3.787879e-07 1.800 1.800 1.800 1.800 1.800 1.800 1.800 1.800 1.800 1.800 1.800 1.800 0.000 0.000 0.000 0.000 0.000 0.000 0.000 0.000 0.000 0.000 0.000 0.000
4.024121e-07 1.800 1.800 1.800 1.800 1.800 1.800 1.800 1.800 1.800 1.800 1.800 1.800 0.000 0.000 0.000 0.000 0.000 0.000 0.000 0.000 0.000 0.000 0.000 0.000
4.024621e-07 0.000 1.800 1.800 1.800 1.800 1.800 1.800 1.800 1.800 1.800 1.800 1.800 1.800 0.000 0.000 0.000 0.000 0.000 0.000 0.000 0.000 0.000 0.000 0.000
4.260864e-07 0.000 1.800 1.800 1.800 1.800 1.800 1.800 1.800 1.800 1.800 1.800 1.800 1.800 0.000 0.000 0.000 0.000 0.000 0.000 0.000 0.000 0.000 0.000 0.000
4.261364e-07 0.000 0.000 1.800 1.800 1.800 1.800 1.800 1.800 1.800 1.800 1.800 1.800 1.800 1.800 0.000 0.000 0.000 0.000 0.000 0.000 0.000 0.000 0.000 0.000
4.497606e-07 0.000 0.000 1.800 1.800 1.800 1.800 1.800 1.800 1.800 1.800 1.800 1.800 1.800 1.800 0.000 0.000 0.000 0.000 0.000 0.000 0.000 0.000 0.000 0.000
4.498106e-07 1.800 0.000 0.000 1.800 1.800 1.800 1.800 1.800 1.800 1.800 1.800 1.800 0.000 1.800 1.800 0.000 0.000 0.000 0.000 0.000 0.000 0.000 0.000 0.000
4.734348e-07 1.800 0.000 0.000 1.800 1.800 1.800 1.800 1.800 1.800 1.800 1.800 1.800 0.000 1.800 1.800 0.000 0.000 0.000 0.000 0.000 0.000 0.000 0.000 0.000
4.734848e-07 1.800 0.000 1.800 0.000 1.800 1.800 1.800 1.800 1.800 1.800 1.800 1.800 0.000 1.800 0.000 1.800 0.000 0.000 0.000 0.000 0.000 0.000 0.000 0.000
4.971091e-07 1.800 0.000 1.800 0.000 1.800 1.800 1.800 1.800 1.800 1.800 1.800 1.800 0.000 1.800 0.000 1.800 0.000 0.000 0.000 0.000 0.000 0.000 0.000 0.000
4.971591e-07 1.800 1.800 1.800 1.800 0.000 1.800 1.800 1.800 1.800 1.800 1.800 1.800 0.000 0.000 0.000 0.000 1.800 0.000 0.000 0.000 0.000 0.000 0.000 0.000
5.207833e-07 1.800 1.800 1.800 1.800 0.000 1.800 1.800 1.800 1.800 1.800 1.800 1.800 0.000 0.000 0.000 0.000 1.800 0.000 0.000 0.000 0.000 0.000 0.000 0.000
5.208333e-07 1.800 0.000 0.000 1.800 0.000 1.800 1.800 1.800 1.800 1.800 1.800 1.800 0.000 1.800 1.800 0.000 1.800 0.000 0.000 0.000 0.000 0.000 0.000 0.000
5.444576e-07 1.800 0.000 0.000 1.800 0.000 1.800 1.800 1.800 1.800 1.800 1.800 1.800 0.000 1.800 1.800 0.000 1.800 0.000 0.000 0.000 0.000 0.000 0.000 0.000
5.445076e-07 0.000 1.800 0.000 0.000 0.000 1.800 1.800 1.800 1.800 1.800 1.800 1.800 1.800 0.000 1.800 1.800 1.800 0.000 0.000 0.000 0.000 0.000 0.000 0.000
5.681318e-07 0.000 1.800 0.000 0.000 0.000 1.800 1.800 1.800 1.800 1.800 1.800 1.800 1.800 0.000 1.800 1.800 1.800 0.000 0.000 0.000 0.000 0.000 0.000 0.000
5.681818e-07 1.800 0.000 0.000 1.800 1.800 1.800 1.800 1.800 1.800 1.800 1.800 0.000 0.000 1.800 1.800 0.000 0.000 0.000 0.000 0.000 0.000 0.000 0.000 1.800
5.918061e-07 1.800 0.000 0.000 1.800 1.800 1.800 1.800 1.800 1.800 1.800 1.800 0.000 0.000 1.800 1.800 0.000 0.000 0.000 0.000 0.000 0.000 0.000 0.000 1.800
5.918561e-07 0.000 0.000 0.000 0.000 1.800 1.800 1.800 1.800 1.800 1.800 1.800 0.000 1.800 1.800 1.800 1.800 0.000 0.000 0.000 0.000 0.000 0.000 0.000 1.800
6.154803e-07 0.000 0.000 0.000 0.000 1.800 1.800 1.800 1.800 1.800 1.800 1.800 0.000 1.800 1.800 1.800 1.800 0.000 0.000 0.000 0.000 0.000 0.000 0.000 1.800
6.155303e-07 0.000 1.800 1.800 0.000 0.000 1.800 1.800 1.800 1.800 1.800 1.800 0.000 1.800 0.000 0.000 1.800 1.800 0.000 0.000 0.000 0.000 0.000 0.000 1.800
6.391545e-07 0.000 1.800 1.800 0.000 0.000 1.800 1.800 1.800 1.800 1.800 1.800 0.000 1.800 0.000 0.000 1.800 1.800 0.000 0.000 0.000 0.000 0.000 0.000 1.800
6.392045e-07 1.800 1.800 0.000 1.800 1.800 1.800 1.800 1.800 1.800 1.800 0.000 0.000 0.000 0.000 1.800 0.000 0.000 0.000 0.000 0.000 0.000 0.000 1.800 1.800
6.628288e-07 1.800 1.800 0.000 1.800 1.800 1.800 1.800 1.800 1.800 1.800 0.000 0.000 0.000 0.000 1.800 0.000 0.000 0.000 0.000 0.000 0.000 0.000 1.800 1.800
6.628788e-07 0.000 0.000 0.000 0.000 1.800 1.800 1.800 1.800 1.800 1.800 0.000 0.000 1.800 1.800 1.800 1.800 0.000 0.000 0.000 0.000 0.000 0.000 1.800 1.800
6.865030e-07 0.000 0.000 0.000 0.000 1.800 1.800 1.800 1.800 1.800 1.800 0.000 0.000 1.800 1.800 1.800 1.800 0.000 0.000 0.000 0.000 0.000 0.000 1.800 1.800
6.865530e-07 0.000 0.000 1.800 0.000 0.000 1.800 1.800 1.800 1.800 1.800 0.000 0.000 1.800 1.800 0.000 1.800 1.800 0.000 0.000 0.000 0.000 0.000 1.800 1.800
7.101773e-07 0.000 0.000 1.800 0.000 0.000 1.800 1.800 1.800 1.800 1.800 0.000 0.000 1.800 1.800 0.000 1.800 1.800 0.000 0.000 0.000 0.000 0.000 1.800 1.800
7.102273e-07 0.000 0.000 0.000 1.800 1.800 1.800 1.800 1.800 1.800 0.000 0.000 0.000 1.800 1.800 1.800 0.000 0.000 0.000 0.000 0.000 0.000 1.800 1.800 1.800
7.338515e-07 0.000 0.000 0.000 1.800 1.800 1.800 1.800 1.800 1.800 0.000 0.000 0.000 1.800 1.800 1.800 0.000 0.000 0.000 0.000 0.000 0.000 1.800 1.800 1.800
7.339015e-07 1.800 1.800 0.000 1.800 0.000 1.800 1.800 1.800 1.800 0.000 0.000 0.000 0.000 0.000 1.800 0.000 1.800 0.000 0.000 0.000 0.000 1.800 1.800 1.800
7.575258e-07 1.800 1.800 0.000 1.800 0.000 1.800 1.800 1.800 1.800 0.000 0.000 0.000 0.000 0.000 1.800 0.000 1.800 0.000 0.000 0.000 0.000 1.800 1.800 1.800
7.575758e-07 1.800 1.800 1.800 1.800 1.800 1.800 1.800 1.800 0.000 0.000 0.000 0.000 0.000 0.000 0.000 0.000 0.000 0.000 0.000 0.000 1.800 1.800 1.800 1.800
7.812000e-07 1.800 1.800 1.800 1.800 1.800 1.800 1.800 1.800 0.000 0.000 0.000 0.000 0.000 0.000 0.000 0.000 0.000 0.000 0.000 0.000 1.800 1.800 1.800 1.800
7.812500e-07 1.800 1.800 0.000 0.000 1.800 1.800 1.800 1.800 0.000 0.000 0.000 0.000 0.000 0.000 1.800 1.800 0.000 0.000 0.000 0.000 1.800 1.800 1.800 1.800
8.048742e-07 1.800 1.800 0.000 0.000 1.800 1.800 1.800 1.800 0.000 0.000 0.000 0.000 0.000 0.000 1.800 1.800 0.000 0.000 0.000 0.000 1.800 1.800 1.800 1.800
8.049242e-07 0.000 1.800 1.800 0.000 0.000 1.800 1.800 1.800 0.000 0.000 0.000 0.000 1.800 0.000 0.000 1.800 1.800 0.000 0.000 0.000 1.800 1.800 1.800 1.800
8.285485e-07 0.000 1.800 1.800 0.000 0.000 1.800 1.800 1.800 0.000 0.000 0.000 0.000 1.800 0.000 0.000 1.800 1.800 0.000 0.000 0.000 1.800 1.800 1.800 1.800
8.285985e-07 0.000 1.800 0.000 1.800 1.800 1.800 1.800 0.000 0.000 0.000 0.000 0.000 1.800 0.000 1.800 0.000 0.000 0.000 0.000 1.800 1.800 1.800 1.800 1.800
8.522227e-07 0.000 1.800 0.000 1.800 1.800 1.800 1.800 0.000 0.000 0.000 0.000 0.000 1.800 0.000 1.800 0.000 0.000 0.000 0.000 1.800 1.800 1.800 1.800 1.800
8.522727e-07 0.000 1.800 1.800 1.800 0.000 1.800 1.800 0.000 0.000 0.000 0.000 0.000 1.800 0.000 0.000 0.000 1.800 0.000 0.000 1.800 1.800 1.800 1.800 1.800
8.758970e-07 0.000 1.800 1.800 1.800 0.000 1.800 1.800 0.000 0.000 0.000 0.000 0.000 1.800 0.000 0.000 0.000 1.800 0.000 0.000 1.800 1.800 1.800 1.800 1.800
8.759470e-07 1.800 1.800 0.000 0.000 0.000 1.800 1.800 0.000 0.000 0.000 0.000 0.000 0.000 0.000 1.800 1.800 1.800 0.000 0.000 1.800 1.800 1.800 1.800 1.800
8.995712e-07 1.800 1.800 0.000 0.000 0.000 1.800 1.800 0.000 0.000 0.000 0.000 0.000 0.000 0.000 1.800 1.800 1.800 0.000 0.000 1.800 1.800 1.800 1.800 1.800
8.996212e-07 0.000 0.000 0.000 1.800 1.800 1.800 0.000 0.000 0.000 0.000 0.000 0.000 1.800 1.800 1.800 0.000 0.000 0.000 1.800 1.800 1.800 1.800 1.800 1.800
9.232455e-07 0.000 0.000 0.000 1.800 1.800 1.800 0.000 0.000 0.000 0.000 0.000 0.000 1.800 1.800 1.800 0.000 0.000 0.000 1.800 1.800 1.800 1.800 1.800 1.800
9.232955e-07 0.000 1.800 1.800 1.800 0.000 1.800 0.000 0.000 0.000 0.000 0.000 0.000 1.800 0.000 0.000 0.000 1.800 0.000 1.800 1.800 1.800 1.800 1.800 1.800
9.469197e-07 0.000 1.800 1.800 1.800 0.000 1.800 0.000 0.000 0.000 0.000 0.000 0.000 1.800 0.000 0.000 0.000 1.800 0.000 1.800 1.800 1.800 1.800 1.800 1.800
9.469697e-07 1.800 0.000 1.800 0.000 0.000 1.800 0.000 0.000 0.000 0.000 0.000 0.000 0.000 1.800 0.000 1.800 1.800 0.000 1.800 1.800 1.800 1.800 1.800 1.800
9.705939e-07 1.800 0.000 1.800 0.000 0.000 1.800 0.000 0.000 0.000 0.000 0.000 0.000 0.000 1.800 0.000 1.800 1.800 0.000 1.800 1.800 1.800 1.800 1.800 1.800
9.706439e-07 0.000 0.000 1.800 1.800 1.800 0.000 0.000 0.000 0.000 0.000 0.000 0.000 1.800 1.800 0.000 0.000 0.000 1.800 1.800 1.800 1.800 1.800 1.800 1.800
9.942682e-07 0.000 0.000 1.800 1.800 1.800 0.000 0.000 0.000 0.000 0.000 0.000 0.000 1.800 1.800 0.000 0.000 0.000 1.800 1.800 1.800 1.800 1.800 1.800 1.800
9.943182e-07 1.800 0.000 1.800 0.000 1.800 0.000 0.000 0.000 0.000 0.000 0.000 0.000 0.000 1.800 0.000 1.800 0.000 1.800 1.800 1.800 1.800 1.800 1.800 1.800
1.017942e-06 1.800 0.000 1.800 0.000 1.800 0.000 0.000 0.000 0.000 0.000 0.000 0.000 0.000 1.800 0.000 1.800 0.000 1.800 1.800 1.800 1.800 1.800 1.800 1.800
1.017992e-06 1.800 1.800 1.800 1.800 0.000 0.000 0.000 0.000 0.000 0.000 0.000 0.000 0.000 0.000 0.000 0.000 1.800 1.800 1.800 1.800 1.800 1.800 1.800 1.800
1.041617e-06 1.800 1.800 1.800 1.800 0.000 0.000 0.000 0.000 0.000 0.000 0.000 0.000 0.000 0.000 0.000 0.000 1.800 1.800 1.800 1.800 1.800 1.800 1.800 1.800
1.041667e-06 1.800 0.000 0.000 1.800 0.000 0.000 0.000 0.000 0.000 0.000 0.000 0.000 0.000 1.800 1.800 0.000 1.800 1.800 1.800 1.800 1.800 1.800 1.800 1.800
1.065291e-06 1.800 0.000 0.000 1.800 0.000 0.000 0.000 0.000 0.000 0.000 0.000 0.000 0.000 1.800 1.800 0.000 1.800 1.800 1.800 1.800 1.800 1.800 1.800 1.800
1.065341e-06 1.800 0.000 1.800 0.000 0.000 0.000 0.000 0.000 0.000 0.000 0.000 0.000 0.000 1.800 0.000 1.800 1.800 1.800 1.800 1.800 1.800 1.800 1.800 1.800
1.088965e-06 1.800 0.000 1.800 0.000 0.000 0.000 0.000 0.000 0.000 0.000 0.000 0.000 0.000 1.800 0.000 1.800 1.800 1.800 1.800 1.800 1.800 1.800 1.800 1.800
1.089015e-06 0.000 1.800 0.000 0.000 0.000 0.000 0.000 0.000 0.000 0.000 0.000 0.000 1.800 0.000 1.800 1.800 1.800 1.800 1.800 1.800 1.800 1.800 1.800 1.800
1.112639e-06 0.000 1.800 0.000 0.000 0.000 0.000 0.000 0.000 0.000 0.000 0.000 0.000 1.800 0.000 1.800 1.800 1.800 1.800 1.800 1.800 1.800 1.800 1.800 1.800
1.112689e-06 0.000 0.000 0.000 0.000 0.000 0.000 0.000 0.000 0.000 0.000 0.000 0.000 1.800 1.800 1.800 1.800 1.800 1.800 1.800 1.800 1.800 1.800 1.800 1.800
1.136314e-06 0.000 0.000 0.000 0.000 0.000 0.000 0.000 0.000 0.000 0.000 0.000 0.000 1.800 1.800 1.800 1.800 1.800 1.800 1.800 1.800 1.800 1.800 1.800 1.800
1.136364e-06 0.000 0.000 0.000 0.000 0.000 0.000 0.000 0.000 0.000 0.000 0.000 0.000 1.800 1.800 1.800 1.800 1.800 1.800 1.800 1.800 1.800 1.800 1.800 1.800
1.159988e-06 0.000 0.000 0.000 0.000 0.000 0.000 0.000 0.000 0.000 0.000 0.000 0.000 1.800 1.800 1.800 1.800 1.800 1.800 1.800 1.800 1.800 1.800 1.800 1.800
1.160038e-06 0.000 0.000 0.000 0.000 0.000 0.000 0.000 0.000 0.000 0.000 0.000 0.000 1.800 1.800 1.800 1.800 1.800 1.800 1.800 1.800 1.800 1.800 1.800 1.800
1.183662e-06 0.000 0.000 0.000 0.000 0.000 0.000 0.000 0.000 0.000 0.000 0.000 0.000 1.800 1.800 1.800 1.800 1.800 1.800 1.800 1.800 1.800 1.800 1.800 1.800
1.183712e-06 0.000 1.800 0.000 0.000 0.000 0.000 0.000 0.000 0.000 0.000 0.000 0.000 1.800 0.000 1.800 1.800 1.800 1.800 1.800 1.800 1.800 1.800 1.800 1.800
1.207336e-06 0.000 1.800 0.000 0.000 0.000 0.000 0.000 0.000 0.000 0.000 0.000 0.000 1.800 0.000 1.800 1.800 1.800 1.800 1.800 1.800 1.800 1.800 1.800 1.800
1.207386e-06 1.800 0.000 1.800 0.000 0.000 0.000 0.000 0.000 0.000 0.000 0.000 0.000 0.000 1.800 0.000 1.800 1.800 1.800 1.800 1.800 1.800 1.800 1.800 1.800
1.231011e-06 1.800 0.000 1.800 0.000 0.000 0.000 0.000 0.000 0.000 0.000 0.000 0.000 0.000 1.800 0.000 1.800 1.800 1.800 1.800 1.800 1.800 1.800 1.800 1.800
1.231061e-06 1.800 0.000 0.000 1.800 0.000 0.000 0.000 0.000 0.000 0.000 0.000 0.000 0.000 1.800 1.800 0.000 1.800 1.800 1.800 1.800 1.800 1.800 1.800 1.800
1.254685e-06 1.800 0.000 0.000 1.800 0.000 0.000 0.000 0.000 0.000 0.000 0.000 0.000 0.000 1.800 1.800 0.000 1.800 1.800 1.800 1.800 1.800 1.800 1.800 1.800
1.254735e-06 1.800 1.800 1.800 1.800 0.000 0.000 0.000 0.000 0.000 0.000 0.000 0.000 0.000 0.000 0.000 0.000 1.800 1.800 1.800 1.800 1.800 1.800 1.800 1.800
1.278359e-06 1.800 1.800 1.800 1.800 0.000 0.000 0.000 0.000 0.000 0.000 0.000 0.000 0.000 0.000 0.000 0.000 1.800 1.800 1.800 1.800 1.800 1.800 1.800 1.800
1.278409e-06 1.800 0.000 1.800 0.000 1.800 0.000 0.000 0.000 0.000 0.000 0.000 0.000 0.000 1.800 0.000 1.800 0.000 1.800 1.800 1.800 1.800 1.800 1.800 1.800
1.302033e-06 1.800 0.000 1.800 0.000 1.800 0.000 0.000 0.000 0.000 0.000 0.000 0.000 0.000 1.800 0.000 1.800 0.000 1.800 1.800 1.800 1.800 1.800 1.800 1.800
1.302083e-06 0.000 0.000 1.800 1.800 1.800 0.000 0.000 0.000 0.000 0.000 0.000 0.000 1.800 1.800 0.000 0.000 0.000 1.800 1.800 1.800 1.800 1.800 1.800 1.800
1.325708e-06 0.000 0.000 1.800 1.800 1.800 0.000 0.000 0.000 0.000 0.000 0.000 0.000 1.800 1.800 0.000 0.000 0.000 1.800 1.800 1.800 1.800 1.800 1.800 1.800
1.325758e-06 1.800 0.000 1.800 0.000 0.000 1.800 0.000 0.000 0.000 0.000 0.000 0.000 0.000 1.800 0.000 1.800 1.800 0.000 1.800 1.800 1.800 1.800 1.800 1.800
1.349382e-06 1.800 0.000 1.800 0.000 0.000 1.800 0.000 0.000 0.000 0.000 0.000 0.000 0.000 1.800 0.000 1.800 1.800 0.000 1.800 1.800 1.800 1.800 1.800 1.800
1.349432e-06 0.000 1.800 1.800 1.800 0.000 1.800 0.000 0.000 0.000 0.000 0.000 0.000 1.800 0.000 0.000 0.000 1.800 0.000 1.800 1.800 1.800 1.800 1.800 1.800
1.373056e-06 0.000 1.800 1.800 1.800 0.000 1.800 0.000 0.000 0.000 0.000 0.000 0.000 1.800 0.000 0.000 0.000 1.800 0.000 1.800 1.800 1.800 1.800 1.800 1.800
1.373106e-06 0.000 0.000 0.000 1.800 1.800 1.800 0.000 0.000 0.000 0.000 0.000 0.000 1.800 1.800 1.800 0.000 0.000 0.000 1.800 1.800 1.800 1.800 1.800 1.800
1.396730e-06 0.000 0.000 0.000 1.800 1.800 1.800 0.000 0.000 0.000 0.000 0.000 0.000 1.800 1.800 1.800 0.000 0.000 0.000 1.800 1.800 1.800 1.800 1.800 1.800
1.396780e-06 1.800 1.800 0.000 0.000 0.000 1.800 1.800 0.000 0.000 0.000 0.000 0.000 0.000 0.000 1.800 1.800 1.800 0.000 0.000 1.800 1.800 1.800 1.800 1.800
1.420405e-06 1.800 1.800 0.000 0.000 0.000 1.800 1.800 0.000 0.000 0.000 0.000 0.000 0.000 0.000 1.800 1.800 1.800 0.000 0.000 1.800 1.800 1.800 1.800 1.800
1.420455e-06 0.000 1.800 1.800 1.800 0.000 1.800 1.800 0.000 0.000 0.000 0.000 0.000 1.800 0.000 0.000 0.000 1.800 0.000 0.000 1.800 1.800 1.800 1.800 1.800
1.444079e-06 0.000 1.800 1.800 1.800 0.000 1.800 1.800 0.000 0.000 0.000 0.000 0.000 1.800 0.000 0.000 0.000 1.800 0.000 0.000 1.800 1.800 1.800 1.800 1.800
1.444129e-06 0.000 1.800 0.000 1.800 1.800 1.800 1.800 0.000 0.000 0.000 0.000 0.000 1.800 0.000 1.800 0.000 0.000 0.000 0.000 1.800 1.800 1.800 1.800 1.800
1.467753e-06 0.000 1.800 0.000 1.800 1.800 1.800 1.800 0.000 0.000 0.000 0.000 0.000 1.800 0.000 1.800 0.000 0.000 0.000 0.000 1.800 1.800 1.800 1.800 1.800
1.467803e-06 0.000 1.800 1.800 0.000 0.000 1.800 1.800 1.800 0.000 0.000 0.000 0.000 1.800 0.000 0.000 1.800 1.800 0.000 0.000 0.000 1.800 1.800 1.800 1.800
1.491427e-06 0.000 1.800 1.800 0.000 0.000 1.800 1.800 1.800 0.000 0.000 0.000 0.000 1.800 0.000 0.000 1.800 1.800 0.000 0.000 0.000 1.800 1.800 1.800 1.800
1.491477e-06 1.800 1.800 0.000 0.000 1.800 1.800 1.800 1.800 0.000 0.000 0.000 0.000 0.000 0.000 1.800 1.800 0.000 0.000 0.000 0.000 1.800 1.800 1.800 1.800
1.515102e-06 1.800 1.800 0.000 0.000 1.800 1.800 1.800 1.800 0.000 0.000 0.000 0.000 0.000 0.000 1.800 1.800 0.000 0.000 0.000 0.000 1.800 1.800 1.800 1.800
1.515152e-06 1.800 1.800 1.800 1.800 1.800 1.800 1.800 1.800 0.000 0.000 0.000 0.000 0.000 0.000 0.000 0.000 0.000 0.000 0.000 0.000 1.800 1.800 1.800 1.800
1.538776e-06 1.800 1.800 1.800 1.800 1.800 1.800 1.800 1.800 0.000 0.000 0.000 0.000 0.000 0.000 0.000 0.000 0.000 0.000 0.000 0.000 1.800 1.800 1.800 1.800
1.538826e-06 1.800 1.800 0.000 1.800 0.000 1.800 1.800 1.800 1.800 0.000 0.000 0.000 0.000 0.000 1.800 0.000 1.800 0.000 0.000 0.000 0.000 1.800 1.800 1.800
1.562450e-06 1.800 1.800 0.000 1.800 0.000 1.800 1.800 1.800 1.800 0.000 0.000 0.000 0.000 0.000 1.800 0.000 1.800 0.000 0.000 0.000 0.000 1.800 1.800 1.800
1.562500e-06 0.000 0.000 0.000 1.800 1.800 1.800 1.800 1.800 1.800 0.000 0.000 0.000 1.800 1.800 1.800 0.000 0.000 0.000 0.000 0.000 0.000 1.800 1.800 1.800
1.586124e-06 0.000 0.000 0.000 1.800 1.800 1.800 1.800 1.800 1.800 0.000 0.000 0.000 1.800 1.800 1.800 0.000 0.000 0.000 0.000 0.000 0.000 1.800 1.800 1.800
1.586174e-06 0.000 0.000 1.800 0.000 0.000 1.800 1.800 1.800 1.800 1.800 0.000 0.000 1.800 1.800 0.000 1.800 1.800 0.000 0.000 0.000 0.000 0.000 1.800 1.800
1.609798e-06 0.000 0.000 1.800 0.000 0.000 1.800 1.800 1.800 1.800 1.800 0.000 0.000 1.800 1.800 0.000 1.800 1.800 0.000 0.000 0.000 0.000 0.000 1.800 1.800
1.609848e-06 0.000 0.000 0.000 0.000 1.800 1.800 1.800 1.800 1.800 1.800 0.000 0.000 1.800 1.800 1.800 1.800 0.000 0.000 0.000 0.000 0.000 0.000 1.800 1.800
1.633473e-06 0.000 0.000 0.000 0.000 1.800 1.800 1.800 1.800 1.800 1.800 0.000 0.000 1.800 1.800 1.800 1.800 0.000 0.000 0.000 0.000 0.000 0.000 1.800 1.800
1.633523e-06 1.800 1.800 0.000 1.800 1.800 1.800 1.800 1.800 1.800 1.800 0.000 0.000 0.000 0.000 1.800 0.000 0.000 0.000 0.000 0.000 0.000 0.000 1.800 1.800
1.657147e-06 1.800 1.800 0.000 1.800 1.800 1.800 1.800 1.800 1.800 1.800 0.000 0.000 0.000 0.000 1.800 0.000 0.000 0.000 0.000 0.000 0.000 0.000 1.800 1.800
1.657197e-06 0.000 1.800 1.800 0.000 0.000 1.800 1.800 1.800 1.800 1.800 1.800 0.000 1.800 0.000 0.000 1.800 1.800 0.000 0.000 0.000 0.000 0.000 0.000 1.800
1.680821e-06 0.000 1.800 1.800 0.000 0.000 1.800 1.800 1.800 1.800 1.800 1.800 0.000 1.800 0.000 0.000 1.800 1.800 0.000 0.000 0.000 0.000 0.000 0.000 1.800
1.680871e-06 0.000 0.000 0.000 0.000 1.800 1.800 1.800 1.800 1.800 1.800 1.800 0.000 1.800 1.800 1.800 1.800 0.000 0.000 0.000 0.000 0.000 0.000 0.000 1.800
1.704495e-06 0.000 0.000 0.000 0.000 1.800 1.800 1.800 1.800 1.800 1.800 1.800 0.000 1.800 1.800 1.800 1.800 0.000 0.000 0.000 0.000 0.000 0.000 0.000 1.800
1.704545e-06 1.800 0.000 0.000 1.800 1.800 1.800 1.800 1.800 1.800 1.800 1.800 0.000 0.000 1.800 1.800 0.000 0.000 0.000 0.000 0.000 0.000 0.000 0.000 1.800
1.728170e-06 1.800 0.000 0.000 1.800 1.800 1.800 1.800 1.800 1.800 1.800 1.800 0.000 0.000 1.800 1.800 0.000 0.000 0.000 0.000 0.000 0.000 0.000 0.000 1.800
1.728220e-06 0.000 1.800 0.000 0.000 0.000 1.800 1.800 1.800 1.800 1.800 1.800 1.800 1.800 0.000 1.800 1.800 1.800 0.000 0.000 0.000 0.000 0.000 0.000 0.000
1.751844e-06 0.000 1.800 0.000 0.000 0.000 1.800 1.800 1.800 1.800 1.800 1.800 1.800 1.800 0.000 1.800 1.800 1.800 0.000 0.000 0.000 0.000 0.000 0.000 0.000
1.751894e-06 1.800 0.000 0.000 1.800 0.000 1.800 1.800 1.800 1.800 1.800 1.800 1.800 0.000 1.800 1.800 0.000 1.800 0.000 0.000 0.000 0.000 0.000 0.000 0.000
1.775518e-06 1.800 0.000 0.000 1.800 0.000 1.800 1.800 1.800 1.800 1.800 1.800 1.800 0.000 1.800 1.800 0.000 1.800 0.000 0.000 0.000 0.000 0.000 0.000 0.000
1.775568e-06 1.800 1.800 1.800 1.800 0.000 1.800 1.800 1.800 1.800 1.800 1.800 1.800 0.000 0.000 0.000 0.000 1.800 0.000 0.000 0.000 0.000 0.000 0.000 0.000
1.799192e-06 1.800 1.800 1.800 1.800 0.000 1.800 1.800 1.800 1.800 1.800 1.800 1.800 0.000 0.000 0.000 0.000 1.800 0.000 0.000 0.000 0.000 0.000 0.000 0.000
1.799242e-06 1.800 0.000 1.800 0.000 1.800 1.800 1.800 1.800 1.800 1.800 1.800 1.800 0.000 1.800 0.000 1.800 0.000 0.000 0.000 0.000 0.000 0.000 0.000 0.000
1.822867e-06 1.800 0.000 1.800 0.000 1.800 1.800 1.800 1.800 1.800 1.800 1.800 1.800 0.000 1.800 0.000 1.800 0.000 0.000 0.000 0.000 0.000 0.000 0.000 0.000
1.822917e-06 1.800 0.000 0.000 1.800 1.800 1.800 1.800 1.800 1.800 1.800 1.800 1.800 0.000 1.800 1.800 0.000 0.000 0.000 0.000 0.000 0.000 0.000 0.000 0.000
1.846541e-06 1.800 0.000 0.000 1.800 1.800 1.800 1.800 1.800 1.800 1.800 1.800 1.800 0.000 1.800 1.800 0.000 0.000 0.000 0.000 0.000 0.000 0.000 0.000 0.000
1.846591e-06 0.000 0.000 1.800 1.800 1.800 1.800 1.800 1.800 1.800 1.800 1.800 1.800 1.800 1.800 0.000 0.000 0.000 0.000 0.000 0.000 0.000 0.000 0.000 0.000
1.870215e-06 0.000 0.000 1.800 1.800 1.800 1.800 1.800 1.800 1.800 1.800 1.800 1.800 1.800 1.800 0.000 0.000 0.000 0.000 0.000 0.000 0.000 0.000 0.000 0.000
1.870265e-06 0.000 1.800 1.800 1.800 1.800 1.800 1.800 1.800 1.800 1.800 1.800 1.800 1.800 0.000 0.000 0.000 0.000 0.000 0.000 0.000 0.000 0.000 0.000 0.000
1.893889e-06 0.000 1.800 1.800 1.800 1.800 1.800 1.800 1.800 1.800 1.800 1.800 1.800 1.800 0.000 0.000 0.000 0.000 0.000 0.000 0.000 0.000 0.000 0.000 0.000
1.893939e-06 1.800 1.800 1.800 1.800 1.800 1.800 1.800 1.800 1.800 1.800 1.800 1.800 0.000 0.000 0.000 0.000 0.000 0.000 0.000 0.000 0.000 0.000 0.000 0.000
1.917564e-06 1.800 1.800 1.800 1.800 1.800 1.800 1.800 1.800 1.800 1.800 1.800 1.800 0.000 0.000 0.000 0.000 0.000 0.000 0.000 0.000 0.000 0.000 0.000 0.000
1.917614e-06 0.000 1.800 1.800 1.800 1.800 1.800 1.800 1.800 1.800 1.800 1.800 1.800 1.800 0.000 0.000 0.000 0.000 0.000 0.000 0.000 0.000 0.000 0.000 0.000
1.941238e-06 0.000 1.800 1.800 1.800 1.800 1.800 1.800 1.800 1.800 1.800 1.800 1.800 1.800 0.000 0.000 0.000 0.000 0.000 0.000 0.000 0.000 0.000 0.000 0.000
1.941288e-06 0.000 0.000 1.800 1.800 1.800 1.800 1.800 1.800 1.800 1.800 1.800 1.800 1.800 1.800 0.000 0.000 0.000 0.000 0.000 0.000 0.000 0.000 0.000 0.000
1.964912e-06 0.000 0.000 1.800 1.800 1.800 1.800 1.800 1.800 1.800 1.800 1.800 1.800 1.800 1.800 0.000 0.000 0.000 0.000 0.000 0.000 0.000 0.000 0.000 0.000
1.964962e-06 1.800 0.000 0.000 1.800 1.800 1.800 1.800 1.800 1.800 1.800 1.800 1.800 0.000 1.800 1.800 0.000 0.000 0.000 0.000 0.000 0.000 0.000 0.000 0.000
1.988586e-06 1.800 0.000 0.000 1.800 1.800 1.800 1.800 1.800 1.800 1.800 1.800 1.800 0.000 1.800 1.800 0.000 0.000 0.000 0.000 0.000 0.000 0.000 0.000 0.000
1.988636e-06 1.800 0.000 1.800 0.000 1.800 1.800 1.800 1.800 1.800 1.800 1.800 1.800 0.000 1.800 0.000 1.800 0.000 0.000 0.000 0.000 0.000 0.000 0.000 0.000
2.012261e-06 1.800 0.000 1.800 0.000 1.800 1.800 1.800 1.800 1.800 1.800 1.800 1.800 0.000 1.800 0.000 1.800 0.000 0.000 0.000 0.000 0.000 0.000 0.000 0.000
2.012311e-06 1.800 1.800 1.800 1.800 0.000 1.800 1.800 1.800 1.800 1.800 1.800 1.800 0.000 0.000 0.000 0.000 1.800 0.000 0.000 0.000 0.000 0.000 0.000 0.000
2.035935e-06 1.800 1.800 1.800 1.800 0.000 1.800 1.800 1.800 1.800 1.800 1.800 1.800 0.000 0.000 0.000 0.000 1.800 0.000 0.000 0.000 0.000 0.000 0.000 0.000
2.035985e-06 1.800 0.000 0.000 1.800 0.000 1.800 1.800 1.800 1.800 1.800 1.800 1.800 0.000 1.800 1.800 0.000 1.800 0.000 0.000 0.000 0.000 0.000 0.000 0.000
2.059609e-06 1.800 0.000 0.000 1.800 0.000 1.800 1.800 1.800 1.800 1.800 1.800 1.800 0.000 1.800 1.800 0.000 1.800 0.000 0.000 0.000 0.000 0.000 0.000 0.000
2.059659e-06 0.000 1.800 0.000 0.000 0.000 1.800 1.800 1.800 1.800 1.800 1.800 1.800 1.800 0.000 1.800 1.800 1.800 0.000 0.000 0.000 0.000 0.000 0.000 0.000
2.083283e-06 0.000 1.800 0.000 0.000 0.000 1.800 1.800 1.800 1.800 1.800 1.800 1.800 1.800 0.000 1.800 1.800 1.800 0.000 0.000 0.000 0.000 0.000 0.000 0.000
2.083333e-06 1.800 0.000 0.000 1.800 1.800 1.800 1.800 1.800 1.800 1.800 1.800 0.000 0.000 1.800 1.800 0.000 0.000 0.000 0.000 0.000 0.000 0.000 0.000 1.800
2.106958e-06 1.800 0.000 0.000 1.800 1.800 1.800 1.800 1.800 1.800 1.800 1.800 0.000 0.000 1.800 1.800 0.000 0.000 0.000 0.000 0.000 0.000 0.000 0.000 1.800
2.107008e-06 0.000 0.000 0.000 0.000 1.800 1.800 1.800 1.800 1.800 1.800 1.800 0.000 1.800 1.800 1.800 1.800 0.000 0.000 0.000 0.000 0.000 0.000 0.000 1.800
2.130632e-06 0.000 0.000 0.000 0.000 1.800 1.800 1.800 1.800 1.800 1.800 1.800 0.000 1.800 1.800 1.800 1.800 0.000 0.000 0.000 0.000 0.000 0.000 0.000 1.800
2.130682e-06 0.000 1.800 1.800 0.000 0.000 1.800 1.800 1.800 1.800 1.800 1.800 0.000 1.800 0.000 0.000 1.800 1.800 0.000 0.000 0.000 0.000 0.000 0.000 1.800
2.154306e-06 0.000 1.800 1.800 0.000 0.000 1.800 1.800 1.800 1.800 1.800 1.800 0.000 1.800 0.000 0.000 1.800 1.800 0.000 0.000 0.000 0.000 0.000 0.000 1.800
2.154356e-06 1.800 1.800 0.000 1.800 1.800 1.800 1.800 1.800 1.800 1.800 0.000 0.000 0.000 0.000 1.800 0.000 0.000 0.000 0.000 0.000 0.000 0.000 1.800 1.800
2.177980e-06 1.800 1.800 0.000 1.800 1.800 1.800 1.800 1.800 1.800 1.800 0.000 0.000 0.000 0.000 1.800 0.000 0.000 0.000 0.000 0.000 0.000 0.000 1.800 1.800
2.178030e-06 0.000 0.000 0.000 0.000 1.800 1.800 1.800 1.800 1.800 1.800 0.000 0.000 1.800 1.800 1.800 1.800 0.000 0.000 0.000 0.000 0.000 0.000 1.800 1.800
2.201655e-06 0.000 0.000 0.000 0.000 1.800 1.800 1.800 1.800 1.800 1.800 0.000 0.000 1.800 1.800 1.800 1.800 0.000 0.000 0.000 0.000 0.000 0.000 1.800 1.800
2.201705e-06 0.000 0.000 1.800 0.000 0.000 1.800 1.800 1.800 1.800 1.800 0.000 0.000 1.800 1.800 0.000 1.800 1.800 0.000 0.000 0.000 0.000 0.000 1.800 1.800
2.225329e-06 0.000 0.000 1.800 0.000 0.000 1.800 1.800 1.800 1.800 1.800 0.000 0.000 1.800 1.800 0.000 1.800 1.800 0.000 0.000 0.000 0.000 0.000 1.800 1.800
2.225379e-06 0.000 0.000 0.000 1.800 1.800 1.800 1.800 1.800 1.800 0.000 0.000 0.000 1.800 1.800 1.800 0.000 0.000 0.000 0.000 0.000 0.000 1.800 1.800 1.800
2.249003e-06 0.000 0.000 0.000 1.800 1.800 1.800 1.800 1.800 1.800 0.000 0.000 0.000 1.800 1.800 1.800 0.000 0.000 0.000 0.000 0.000 0.000 1.800 1.800 1.800
2.249053e-06 1.800 1.800 0.000 1.800 0.000 1.800 1.800 1.800 1.800 0.000 0.000 0.000 0.000 0.000 1.800 0.000 1.800 0.000 0.000 0.000 0.000 1.800 1.800 1.800
2.272677e-06 1.800 1.800 0.000 1.800 0.000 1.800 1.800 1.800 1.800 0.000 0.000 0.000 0.000 0.000 1.800 0.000 1.800 0.000 0.000 0.000 0.000 1.800 1.800 1.800
2.272727e-06 1.800 1.800 1.800 1.800 1.800 1.800 1.800 1.800 0.000 0.000 0.000 0.000 0.000 0.000 0.000 0.000 0.000 0.000 0.000 0.000 1.800 1.800 1.800 1.800
2.296352e-06 1.800 1.800 1.800 1.800 1.800 1.800 1.800 1.800 0.000 0.000 0.000 0.000 0.000 0.000 0.000 0.000 0.000 0.000 0.000 0.000 1.800 1.800 1.800 1.800
2.296402e-06 1.800 1.800 0.000 0.000 1.800 1.800 1.800 1.800 0.000 0.000 0.000 0.000 0.000 0.000 1.800 1.800 0.000 0.000 0.000 0.000 1.800 1.800 1.800 1.800
2.320026e-06 1.800 1.800 0.000 0.000 1.800 1.800 1.800 1.800 0.000 0.000 0.000 0.000 0.000 0.000 1.800 1.800 0.000 0.000 0.000 0.000 1.800 1.800 1.800 1.800
2.320076e-06 0.000 1.800 1.800 0.000 0.000 1.800 1.800 1.800 0.000 0.000 0.000 0.000 1.800 0.000 0.000 1.800 1.800 0.000 0.000 0.000 1.800 1.800 1.800 1.800
2.343700e-06 0.000 1.800 1.800 0.000 0.000 1.800 1.800 1.800 0.000 0.000 0.000 0.000 1.800 0.000 0.000 1.800 1.800 0.000 0.000 0.000 1.800 1.800 1.800 1.800
2.343750e-06 0.000 1.800 0.000 1.800 1.800 1.800 1.800 0.000 0.000 0.000 0.000 0.000 1.800 0.000 1.800 0.000 0.000 0.000 0.000 1.800 1.800 1.800 1.800 1.800
2.367374e-06 0.000 1.800 0.000 1.800 1.800 1.800 1.800 0.000 0.000 0.000 0.000 0.000 1.800 0.000 1.800 0.000 0.000 0.000 0.000 1.800 1.800 1.800 1.800 1.800
2.367424e-06 0.000 1.800 1.800 1.800 0.000 1.800 1.800 0.000 0.000 0.000 0.000 0.000 1.800 0.000 0.000 0.000 1.800 0.000 0.000 1.800 1.800 1.800 1.800 1.800
2.391048e-06 0.000 1.800 1.800 1.800 0.000 1.800 1.800 0.000 0.000 0.000 0.000 0.000 1.800 0.000 0.000 0.000 1.800 0.000 0.000 1.800 1.800 1.800 1.800 1.800
2.391098e-06 1.800 1.800 0.000 0.000 0.000 1.800 1.800 0.000 0.000 0.000 0.000 0.000 0.000 0.000 1.800 1.800 1.800 0.000 0.000 1.800 1.800 1.800 1.800 1.800
2.414723e-06 1.800 1.800 0.000 0.000 0.000 1.800 1.800 0.000 0.000 0.000 0.000 0.000 0.000 0.000 1.800 1.800 1.800 0.000 0.000 1.800 1.800 1.800 1.800 1.800
2.414773e-06 0.000 0.000 0.000 1.800 1.800 1.800 0.000 0.000 0.000 0.000 0.000 0.000 1.800 1.800 1.800 0.000 0.000 0.000 1.800 1.800 1.800 1.800 1.800 1.800
2.438397e-06 0.000 0.000 0.000 1.800 1.800 1.800 0.000 0.000 0.000 0.000 0.000 0.000 1.800 1.800 1.800 0.000 0.000 0.000 1.800 1.800 1.800 1.800 1.800 1.800
2.438447e-06 0.000 1.800 1.800 1.800 0.000 1.800 0.000 0.000 0.000 0.000 0.000 0.000 1.800 0.000 0.000 0.000 1.800 0.000 1.800 1.800 1.800 1.800 1.800 1.800
2.462071e-06 0.000 1.800 1.800 1.800 0.000 1.800 0.000 0.000 0.000 0.000 0.000 0.000 1.800 0.000 0.000 0.000 1.800 0.000 1.800 1.800 1.800 1.800 1.800 1.800
2.462121e-06 1.800 0.000 1.800 0.000 0.000 1.800 0.000 0.000 0.000 0.000 0.000 0.000 0.000 1.800 0.000 1.800 1.800 0.000 1.800 1.800 1.800 1.800 1.800 1.800
2.485745e-06 1.800 0.000 1.800 0.000 0.000 1.800 0.000 0.000 0.000 0.000 0.000 0.000 0.000 1.800 0.000 1.800 1.800 0.000 1.800 1.800 1.800 1.800 1.800 1.800
2.485795e-06 0.000 0.000 1.800 1.800 1.800 0.000 0.000 0.000 0.000 0.000 0.000 0.000 1.800 1.800 0.000 0.000 0.000 1.800 1.800 1.800 1.800 1.800 1.800 1.800
2.509420e-06 0.000 0.000 1.800 1.800 1.800 0.000 0.000 0.000 0.000 0.000 0.000 0.000 1.800 1.800 0.000 0.000 0.000 1.800 1.800 1.800 1.800 1.800 1.800 1.800
2.509470e-06 1.800 0.000 1.800 0.000 1.800 0.000 0.000 0.000 0.000 0.000 0.000 0.000 0.000 1.800 0.000 1.800 0.000 1.800 1.800 1.800 1.800 1.800 1.800 1.800
2.533094e-06 1.800 0.000 1.800 0.000 1.800 0.000 0.000 0.000 0.000 0.000 0.000 0.000 0.000 1.800 0.000 1.800 0.000 1.800 1.800 1.800 1.800 1.800 1.800 1.800
2.533144e-06 1.800 1.800 1.800 1.800 0.000 0.000 0.000 0.000 0.000 0.000 0.000 0.000 0.000 0.000 0.000 0.000 1.800 1.800 1.800 1.800 1.800 1.800 1.800 1.800
2.556768e-06 1.800 1.800 1.800 1.800 0.000 0.000 0.000 0.000 0.000 0.000 0.000 0.000 0.000 0.000 0.000 0.000 1.800 1.800 1.800 1.800 1.800 1.800 1.800 1.800
2.556818e-06 1.800 0.000 0.000 1.800 0.000 0.000 0.000 0.000 0.000 0.000 0.000 0.000 0.000 1.800 1.800 0.000 1.800 1.800 1.800 1.800 1.800 1.800 1.800 1.800
2.580442e-06 1.800 0.000 0.000 1.800 0.000 0.000 0.000 0.000 0.000 0.000 0.000 0.000 0.000 1.800 1.800 0.000 1.800 1.800 1.800 1.800 1.800 1.800 1.800 1.800
2.580492e-06 1.800 0.000 1.800 0.000 0.000 0.000 0.000 0.000 0.000 0.000 0.000 0.000 0.000 1.800 0.000 1.800 1.800 1.800 1.800 1.800 1.800 1.800 1.800 1.800
2.604117e-06 1.800 0.000 1.800 0.000 0.000 0.000 0.000 0.000 0.000 0.000 0.000 0.000 0.000 1.800 0.000 1.800 1.800 1.800 1.800 1.800 1.800 1.800 1.800 1.800
2.604167e-06 0.000 1.800 0.000 0.000 0.000 0.000 0.000 0.000 0.000 0.000 0.000 0.000 1.800 0.000 1.800 1.800 1.800 1.800 1.800 1.800 1.800 1.800 1.800 1.800
2.627791e-06 0.000 1.800 0.000 0.000 0.000 0.000 0.000 0.000 0.000 0.000 0.000 0.000 1.800 0.000 1.800 1.800 1.800 1.800 1.800 1.800 1.800 1.800 1.800 1.800
2.627841e-06 0.000 0.000 0.000 0.000 0.000 0.000 0.000 0.000 0.000 0.000 0.000 0.000 1.800 1.800 1.800 1.800 1.800 1.800 1.800 1.800 1.800 1.800 1.800 1.800
2.651465e-06 0.000 0.000 0.000 0.000 0.000 0.000 0.000 0.000 0.000 0.000 0.000 0.000 1.800 1.800 1.800 1.800 1.800 1.800 1.800 1.800 1.800 1.800 1.800 1.800
2.651515e-06 0.000 0.000 0.000 0.000 0.000 0.000 0.000 0.000 0.000 0.000 0.000 0.000 1.800 1.800 1.800 1.800 1.800 1.800 1.800 1.800 1.800 1.800 1.800 1.800
2.675139e-06 0.000 0.000 0.000 0.000 0.000 0.000 0.000 0.000 0.000 0.000 0.000 0.000 1.800 1.800 1.800 1.800 1.800 1.800 1.800 1.800 1.800 1.800 1.800 1.800
2.675189e-06 0.000 0.000 0.000 0.000 0.000 0.000 0.000 0.000 0.000 0.000 0.000 0.000 1.800 1.800 1.800 1.800 1.800 1.800 1.800 1.800 1.800 1.800 1.800 1.800
2.698814e-06 0.000 0.000 0.000 0.000 0.000 0.000 0.000 0.000 0.000 0.000 0.000 0.000 1.800 1.800 1.800 1.800 1.800 1.800 1.800 1.800 1.800 1.800 1.800 1.800
2.698864e-06 0.000 1.800 0.000 0.000 0.000 0.000 0.000 0.000 0.000 0.000 0.000 0.000 1.800 0.000 1.800 1.800 1.800 1.800 1.800 1.800 1.800 1.800 1.800 1.800
2.722488e-06 0.000 1.800 0.000 0.000 0.000 0.000 0.000 0.000 0.000 0.000 0.000 0.000 1.800 0.000 1.800 1.800 1.800 1.800 1.800 1.800 1.800 1.800 1.800 1.800
2.722538e-06 1.800 0.000 1.800 0.000 0.000 0.000 0.000 0.000 0.000 0.000 0.000 0.000 0.000 1.800 0.000 1.800 1.800 1.800 1.800 1.800 1.800 1.800 1.800 1.800
2.746162e-06 1.800 0.000 1.800 0.000 0.000 0.000 0.000 0.000 0.000 0.000 0.000 0.000 0.000 1.800 0.000 1.800 1.800 1.800 1.800 1.800 1.800 1.800 1.800 1.800
2.746212e-06 1.800 0.000 0.000 1.800 0.000 0.000 0.000 0.000 0.000 0.000 0.000 0.000 0.000 1.800 1.800 0.000 1.800 1.800 1.800 1.800 1.800 1.800 1.800 1.800
2.769836e-06 1.800 0.000 0.000 1.800 0.000 0.000 0.000 0.000 0.000 0.000 0.000 0.000 0.000 1.800 1.800 0.000 1.800 1.800 1.800 1.800 1.800 1.800 1.800 1.800
2.769886e-06 1.800 1.800 1.800 1.800 0.000 0.000 0.000 0.000 0.000 0.000 0.000 0.000 0.000 0.000 0.000 0.000 1.800 1.800 1.800 1.800 1.800 1.800 1.800 1.800
2.793511e-06 1.800 1.800 1.800 1.800 0.000 0.000 0.000 0.000 0.000 0.000 0.000 0.000 0.000 0.000 0.000 0.000 1.800 1.800 1.800 1.800 1.800 1.800 1.800 1.800
2.793561e-06 1.800 0.000 1.800 0.000 1.800 0.000 0.000 0.000 0.000 0.000 0.000 0.000 0.000 1.800 0.000 1.800 0.000 1.800 1.800 1.800 1.800 1.800 1.800 1.800
2.817185e-06 1.800 0.000 1.800 0.000 1.800 0.000 0.000 0.000 0.000 0.000 0.000 0.000 0.000 1.800 0.000 1.800 0.000 1.800 1.800 1.800 1.800 1.800 1.800 1.800
2.817235e-06 0.000 0.000 1.800 1.800 1.800 0.000 0.000 0.000 0.000 0.000 0.000 0.000 1.800 1.800 0.000 0.000 0.000 1.800 1.800 1.800 1.800 1.800 1.800 1.800
2.840859e-06 0.000 0.000 1.800 1.800 1.800 0.000 0.000 0.000 0.000 0.000 0.000 0.000 1.800 1.800 0.000 0.000 0.000 1.800 1.800 1.800 1.800 1.800 1.800 1.800
2.840909e-06 1.800 0.000 1.800 0.000 0.000 1.800 0.000 0.000 0.000 0.000 0.000 0.000 0.000 1.800 0.000 1.800 1.800 0.000 1.800 1.800 1.800 1.800 1.800 1.800
2.864533e-06 1.800 0.000 1.800 0.000 0.000 1.800 0.000 0.000 0.000 0.000 0.000 0.000 0.000 1.800 0.000 1.800 1.800 0.000 1.800 1.800 1.800 1.800 1.800 1.800
2.864583e-06 0.000 1.800 1.800 1.800 0.000 1.800 0.000 0.000 0.000 0.000 0.000 0.000 1.800 0.000 0.000 0.000 1.800 0.000 1.800 1.800 1.800 1.800 1.800 1.800
2.888208e-06 0.000 1.800 1.800 1.800 0.000 1.800 0.000 0.000 0.000 0.000 0.000 0.000 1.800 0.000 0.000 0.000 1.800 0.000 1.800 1.800 1.800 1.800 1.800 1.800
2.888258e-06 0.000 0.000 0.000 1.800 1.800 1.800 0.000 0.000 0.000 0.000 0.000 0.000 1.800 1.800 1.800 0.000 0.000 0.000 1.800 1.800 1.800 1.800 1.800 1.800
2.911882e-06 0.000 0.000 0.000 1.800 1.800 1.800 0.000 0.000 0.000 0.000 0.000 0.000 1.800 1.800 1.800 0.000 0.000 0.000 1.800 1.800 1.800 1.800 1.800 1.800
2.911932e-06 1.800 1.800 0.000 0.000 0.000 1.800 1.800 0.000 0.000 0.000 0.000 0.000 0.000 0.000 1.800 1.800 1.800 0.000 0.000 1.800 1.800 1.800 1.800 1.800
2.935556e-06 1.800 1.800 0.000 0.000 0.000 1.800 1.800 0.000 0.000 0.000 0.000 0.000 0.000 0.000 1.800 1.800 1.800 0.000 0.000 1.800 1.800 1.800 1.800 1.800
2.935606e-06 0.000 1.800 1.800 1.800 0.000 1.800 1.800 0.000 0.000 0.000 0.000 0.000 1.800 0.000 0.000 0.000 1.800 0.000 0.000 1.800 1.800 1.800 1.800 1.800
2.959230e-06 0.000 1.800 1.800 1.800 0.000 1.800 1.800 0.000 0.000 0.000 0.000 0.000 1.800 0.000 0.000 0.000 1.800 0.000 0.000 1.800 1.800 1.800 1.800 1.800
2.959280e-06 0.000 1.800 0.000 1.800 1.800 1.800 1.800 0.000 0.000 0.000 0.000 0.000 1.800 0.000 1.800 0.000 0.000 0.000 0.000 1.800 1.800 1.800 1.800 1.800
2.982905e-06 0.000 1.800 0.000 1.800 1.800 1.800 1.800 0.000 0.000 0.000 0.000 0.000 1.800 0.000 1.800 0.000 0.000 0.000 0.000 1.800 1.800 1.800 1.800 1.800
2.982955e-06 0.000 1.800 1.800 0.000 0.000 1.800 1.800 1.800 0.000 0.000 0.000 0.000 1.800 0.000 0.000 1.800 1.800 0.000 0.000 0.000 1.800 1.800 1.800 1.800
3.006579e-06 0.000 1.800 1.800 0.000 0.000 1.800 1.800 1.800 0.000 0.000 0.000 0.000 1.800 0.000 0.000 1.800 1.800 0.000 0.000 0.000 1.800 1.800 1.800 1.800
3.006629e-06 1.800 1.800 0.000 0.000 1.800 1.800 1.800 1.800 0.000 0.000 0.000 0.000 0.000 0.000 1.800 1.800 0.000 0.000 0.000 0.000 1.800 1.800 1.800 1.800
3.030253e-06 1.800 1.800 0.000 0.000 1.800 1.800 1.800 1.800 0.000 0.000 0.000 0.000 0.000 0.000 1.800 1.800 0.000 0.000 0.000 0.000 1.800 1.800 1.800 1.800
3.030303e-06 1.800 1.800 1.800 1.800 1.800 1.800 1.800 1.800 0.000 0.000 0.000 0.000 0.000 0.000 0.000 0.000 0.000 0.000 0.000 0.000 1.800 1.800 1.800 1.800
3.053927e-06 1.800 1.800 1.800 1.800 1.800 1.800 1.800 1.800 0.000 0.000 0.000 0.000 0.000 0.000 0.000 0.000 0.000 0.000 0.000 0.000 1.800 1.800 1.800 1.800
3.053977e-06 1.800 1.800 0.000 1.800 0.000 1.800 1.800 1.800 1.800 0.000 0.000 0.000 0.000 0.000 1.800 0.000 1.800 0.000 0.000 0.000 0.000 1.800 1.800 1.800
3.077602e-06 1.800 1.800 0.000 1.800 0.000 1.800 1.800 1.800 1.800 0.000 0.000 0.000 0.000 0.000 1.800 0.000 1.800 0.000 0.000 0.000 0.000 1.800 1.800 1.800
3.077652e-06 0.000 0.000 0.000 1.800 1.800 1.800 1.800 1.800 1.800 0.000 0.000 0.000 1.800 1.800 1.800 0.000 0.000 0.000 0.000 0.000 0.000 1.800 1.800 1.800
3.101276e-06 0.000 0.000 0.000 1.800 1.800 1.800 1.800 1.800 1.800 0.000 0.000 0.000 1.800 1.800 1.800 0.000 0.000 0.000 0.000 0.000 0.000 1.800 1.800 1.800
3.101326e-06 0.000 0.000 1.800 0.000 0.000 1.800 1.800 1.800 1.800 1.800 0.000 0.000 1.800 1.800 0.000 1.800 1.800 0.000 0.000 0.000 0.000 0.000 1.800 1.800
3.124950e-06 0.000 0.000 1.800 0.000 0.000 1.800 1.800 1.800 1.800 1.800 0.000 0.000 1.800 1.800 0.000 1.800 1.800 0.000 0.000 0.000 0.000 0.000 1.800 1.800
3.125000e-06 0.000 0.000 0.000 0.000 1.800 1.800 1.800 1.800 1.800 1.800 0.000 0.000 1.800 1.800 1.800 1.800 0.000 0.000 0.000 0.000 0.000 0.000 1.800 1.800
3.148624e-06 0.000 0.000 0.000 0.000 1.800 1.800 1.800 1.800 1.800 1.800 0.000 0.000 1.800 1.800 1.800 1.800 0.000 0.000 0.000 0.000 0.000 0.000 1.800 1.800
3.148674e-06 1.800 1.800 0.000 1.800 1.800 1.800 1.800 1.800 1.800 1.800 0.000 0.000 0.000 0.000 1.800 0.000 0.000 0.000 0.000 0.000 0.000 0.000 1.800 1.800
3.172298e-06 1.800 1.800 0.000 1.800 1.800 1.800 1.800 1.800 1.800 1.800 0.000 0.000 0.000 0.000 1.800 0.000 0.000 0.000 0.000 0.000 0.000 0.000 1.800 1.800
3.172348e-06 0.000 1.800 1.800 0.000 0.000 1.800 1.800 1.800 1.800 1.800 1.800 0.000 1.800 0.000 0.000 1.800 1.800 0.000 0.000 0.000 0.000 0.000 0.000 1.800
3.195973e-06 0.000 1.800 1.800 0.000 0.000 1.800 1.800 1.800 1.800 1.800 1.800 0.000 1.800 0.000 0.000 1.800 1.800 0.000 0.000 0.000 0.000 0.000 0.000 1.800
